1386
77
62
84
84
93
80
72
73
72
71
97
78
77
73
74
78
73
75
79
68
74
66
164
153
160
77
221
149
168
209
262
231
127
83
165
148
174
82
174
72
196
73
140
68
175
72
130
138
175
207
81
68
76
74
76
86
112
150
92
79
110
144
79
77
138
159
75
196
79
76
105
79
86
86
86
90
93
159
186
163
94
111
96
180
195
181
145
67
218
183
88
79
81
86
81
155
78
176
217
207
159
82
81
181
150
155
177
192
91
155
210
166
178
144
155
195
221
231
73
73
140
178
241
83
135
99
176
152
167
169
71
73
69
68
80
168
80
67
78
159
132
155
150
176
167
200
177
74
173
105
78
76
199
177
199
89
164
90
75
68
84
68
155
178
155
170
93
